Year,Bachelors,Masters,All Doctorates (IPEDS),Doctorates
1995,0.0317,0.122,0.1036,0.2115
1996,0.0322,0.1181,0.1069,0.2295
1997,0.0329,0.1177,0.1044,0.2161
1998,0.0328,0.1211,0.1041,0.2219
1999,0.0315,0.1177,0.099,0.2204
2000,0.0311,0.1217,0.1008,0.2337
2001,0.0316,0.1303,0.1034,0.2408
2002,0.0317,0.131,0.1012,0.2435
2003,0.0315,0.1387,0.1055,0.2600
2004,0.0316,0.133,0.1102,0.2761
2005,0.0312,0.1272,0.1157,0.2958
2006,0.0308,0.1196,0.1237,0.3112
2007,0.0298,0.1119,0.1261,0.3142
2008,0.0281,0.1154,0.1243,0.3129
2009,0.0284,0.1203,0.1183,0.2974
2010,0.0286,0.1171,0.1136,0.2839
2011,0.0304,0.1173,0.115,0.2911
2012,0.0327,0.1171,0.1133,0.2902
2013,0.0349,0.1249,0.1149,0.2974
2014,0.0367,0.1366,0.1184,0.2934
2015,0.0395,0.1533,0.1187,0.2939
2016,0.0434,0.172,0.1196,0.3006
2017,0.0462,0.1793,0.1208,0.2986
2018,0.049,0.1759,0.1245,0.3192
2019,0.0503,0.1641,0.1263,0.3296
2020,0.0516,0.1612,0.1249,0.3343
2021,0.0493,0.1479,0.12,0.3376
2022,0.0465,0.1306,0.1232,0.3409
2023,0.0442,0.1773,0.1206,0.3352
2024,0.0409,0.2054,0.1172,0.3332