Year,Asia,"Africa, Sub-Saharan",Europe,"Latin America and Caribbean","Middle East and North Africa",North America,Oceania,Stateless,"Percent Asia"
2000,280149,26124,90661,62681,26897,23544,4677,7,0.5442534095
2001,302058,29399,93784,64243,28476,25279,4624,10,0.5513285013
2002,324812,32509,95697,68883,29642,26514,4852,87,0.5571427591
2003,332298,35406,91436,69664,26155,26513,4811,33,0.5667558109
2004,324006,33942,87094,70291,23100,27017,4534,19,0.5684285872
2005,325112,32492,85409,66581,21056,28140,4481,37,0.5771478481
2006,327785,32847,84697,65266,21267,28202,4702,0,0.5803908167
2007,344495,32423,82731,65055,25700,28280,4300,0,0.5909167318
2008,380465,32020,83981,64894,28389,29051,5005,0,0.6099101482
2009,415000,32708,87318,68141,33369,29697,5053,0,0.6182163787
2010,435667,32121,85084,66061,38738,28145,5107,0,0.6305579638
2011,461818,31470,84296,64564,47963,27546,5610,10,0.6385077916
2012,489970,30046,85423,64410,62120,26821,5697,8,0.6409067424
2013,525849,30585,85823,66864,77049,27357,6104,13,0.6415577983
2014,568510,31113,86885,72318,92618,28304,6292,12,0.641621485
2015,627306,33593,90625,86378,103307,27240,6471,6,0.6434396046
2016,689525,35364,91915,84908,108227,26973,6917,10,0.6605664283
2017,734309,37735,92820,79655,100014,27065,7222,2,0.6806581623
2018,758076,39479,92655,79920,91375,25909,7372,6,0.692438381
2019,768260,40290,90996,80962,81126,26122,7542,1,0.7014157778
2020,758014,41697,89784,80204,72325,25992,7473,7,0.704804109
2021,645622,39061,67979,72850,57564,25143,5864,12,0.7062963915
2022,658669,42518,83240,77969,53104,27013,5994,12,0.6944183511
2023,748165,50199,89906,81945,52295,27876,6782,20,0.7076934282
2024,805238,56780,90600,85891,52292,28998,6878,13,0.7146934827
2025,842885,65385,93361,87932,51018,29903,7270,12,0.7156642321