Year,US_Count,US_Share,CN_Count,CN_Share
2014,1701,0.529082426127527,156,0.0485225505443235
2015,1548,0.495201535508637,163,0.0521433141394754
2016,1529,0.468156766687079,204,0.0624617268830374
2017,1640,0.463538722442058,268,0.0757490107405314
2018,2634,0.433294949827274,559,0.0919559138016121
2019,2737,0.440315315315315,735,0.118243243243243
2020,2650,0.414775395210518,863,0.135075911723274
2021,2623,0.397303847318994,1053,0.159497122084217
2022,2749,0.380695194571389,1317,0.182384711258828
2023,2661,0.373368878911183,1450,0.203451662691174
2024,2493,0.362038919546907,1572,0.228289282602382
2025,2670,0.374421539755995,1566,0.21960454354228