Year,India,China,South Korea,Bangladesh,Nigeria,Taiwan,Iran,Canada,Ghana,Nepal
2001,0.1628,0.1965,0.0882,0.0065,0.0042,0.0614,0.0042,0.0437,0.0032,0.0025
2002,0.1832,0.1877,0.0872,0.0060,0.0048,0.0586,0.0048,0.0435,0.0035,0.0029
2003,0.2078,0.1861,0.0877,0.0055,0.0058,0.0552,0.0049,0.0401,0.0042,0.0034
2004,0.2258,0.1820,0.0887,0.0054,0.0060,0.0538,0.0051,0.0435,0.0048,0.0043
2005,0.2154,0.1832,0.0896,0.0049,0.0066,0.0551,0.0055,0.0486,0.0047,0.0053
2006,0.2123,0.1792,0.0919,0.0051,0.0068,0.0606,0.0061,0.0465,0.0050,0.0065
2007,0.2237,0.1801,0.0899,0.0046,0.0068,0.0626,0.0070,0.0469,0.0048,0.0076
2008,0.2401,0.1871,0.0871,0.0043,0.0069,0.0567,0.0077,0.0460,0.0046,0.0091
2009,0.2435,0.1970,0.0873,0.0049,0.0074,0.0526,0.0090,0.0452,0.0046,0.0096
2010,0.2324,0.2261,0.0796,0.0050,0.0079,0.0497,0.0128,0.0407,0.0044,0.0099
2011,0.2145,0.2591,0.0758,0.0059,0.0083,0.0447,0.0158,0.0392,0.0044,0.0098
2012,0.1964,0.2943,0.0708,0.0068,0.0084,0.0400,0.0191,0.0372,0.0042,0.0094
2013,0.1755,0.3326,0.0640,0.0075,0.0082,0.0349,0.0230,0.0353,0.0041,0.0099
2014,0.1851,0.3508,0.0573,0.0086,0.0084,0.0309,0.0250,0.0340,0.0040,0.0092
2015,0.2348,0.3322,0.0486,0.0090,0.0092,0.0265,0.0247,0.0293,0.0039,0.0091
2016,0.2653,0.3210,0.0433,0.0100,0.0099,0.0239,0.0248,0.0266,0.0034,0.0100
2017,0.2682,0.3281,0.0421,0.0110,0.0108,0.0229,0.0245,0.0259,0.0035,0.0102
2018,0.2498,0.3417,0.0407,0.0121,0.0124,0.0241,0.0253,0.0249,0.0040,0.0118
2019,0.2390,0.3530,0.0411,0.0140,0.0140,0.0247,0.0239,0.0251,0.0049,0.0107
2020,0.2274,0.3661,0.0406,0.0155,0.0149,0.0249,0.0227,0.0253,0.0061,0.0103
2021,0.2092,0.3610,0.0432,0.0174,0.0162,0.0245,0.0219,0.0288,0.0070,0.0111
2022,0.2649,0.3199,0.0387,0.0194,0.0187,0.0234,0.0182,0.0268,0.0077,0.0119
2023,0.3553,0.2699,0.0328,0.0197,0.0205,0.0214,0.0180,0.0228,0.0089,0.0119
2024,0.3913,0.2444,0.0297,0.0228,0.0223,0.0199,0.0202,0.0208,0.0127,0.0117
2025,0.3642,0.2461,0.0304,0.0266,0.0238,0.0209,0.0208,0.0202,0.0174,0.0171