Year,United States,Netherlands,Korea,Japan,Israel,Germany,France,Finland,China,Austria
1991,0.02620779786,0.01812608183,0.01663609971,0.02629913501,0.02112206278,0.02377944346,0.02296130692,0.01968220404,0.00722489794,0.01432926951
1992,0.02543400047,0.01749913534,0.01741752648,0.0257876092,0.02166663079,0.0226263023,0.02302479514,0.020606423,0.00725501546,0.01420003583
1993,0.02422564273,0.01771109314,0.0188945941,0.02524655489,0.02260769611,0.02197871929,0.02333688308,0.02097604613,0.00692384358,0.0143689406
1994,0.02327645214,0.01806817484,0.02050601486,0.02471422294,0.02309788432,0.02116501571,0.02281782643,0.02215577113,0.00626783076,0.01515649809
1995,0.02409581781,0.01820032215,0.0208776544,0.02563019132,0.0231698111,0.0212921934,0.02249333351,0.02206494945,0.00565605282,0.01535769731
1996,0.02450130197,0.01837330206,0.02142325123,0.02643028325,0.02476698227,0.02136627121,0.02232233219,0.02455107988,0.0056013937,0.01589467639
1997,0.02477140331,0.01841709837,0.0217408805,0.02721765284,0.02696910139,0.02181613426,0.02152162956,0.02622595256,0.00634665005,0.01663239438
1998,0.02496210615,0.01739663795,0.02036078255,0.02827451354,0.02809064682,0.02207483126,0.0210343716,0.02785419197,0.00641852979,0.01741054706
1999,0.02543615668,0.01819856573,0.01944601043,0.0284671783,0.03214308848,0.02327719185,0.02116506562,0.03056869378,0.00742950506,0.01852511006
2000,0.02619834724,0.01789067009,0.0204940549,0.02858408118,0.03816023819,0.02386541373,0.02100660779,0.03242712915,0.00884095723,0.01896676434
2001,0.02637146781,0.01792144382,0.02198718861,0.02923484997,0.04056771175,0.02379195593,0.02149401704,0.03194054604,0.00929480292,0.0200256365
2002,0.0254745401,0.01739308532,0.02130415626,0.02965137192,0.03995684116,0.0240856456,0.02187580908,0.03254085721,0.01044181462,0.02081103678
2003,0.02550152971,0.01776652211,0.02196572764,0.02993195203,0.03765150535,0.02442322999,0.02130852649,0.03298982296,0.01104649035,0.02187012688
2004,0.02486855413,0.01781316959,0.02352920693,0.02981245971,0.03750312488,0.02402776358,0.02104382926,0.03309426585,0.01197317144,0.02182384764
2005,0.0250192554,0.01766698848,0.02427251636,0.03130918982,0.03915838987,0.0240265936,0.02055996776,0.0332412277,0.01290087595,0.02389416343
2006,0.02545451755,0.01732079994,0.02615154105,0.03227655613,0.04019064856,0.02430433933,0.02053304654,0.03332849052,0.01349230923,0.023760013
2007,0.02615158473,0.01660631849,0.02758945599,0.03292571953,0.0429072493,0.02419182526,0.02028152442,0.03337273481,0.01353215428,0.02433598435
2008,0.02744812375,0.01612469849,0.0286773325,0.03292238812,0.04247007783,0.02571915784,0.02063634623,0.03537186813,0.0142330202,0.02586314275
2009,0.02791816062,0.01651609955,0.03021455912,0.03195898318,0.04023471406,0.02689612185,0.02212729997,0.03734268248,0.01636601775,0.02612791144
2010,0.02714464663,0.01693876726,0.03179130089,0.03104951313,0.03847010149,0.02677141377,0.02177715247,0.03705241487,0.01684560861,0.02743214888
2011,0.02738014986,0.01865100189,0.03444101844,0.03205366018,0.03921281393,0.0275105746,0.02187605273,0.03624341403,0.01752446261,0.0268566517
2012,0.02672743951,0.0190094314,0.03685191076,0.03173705284,0.04066719486,0.02826097354,0.02227617501,0.03409500045,0.01880951529,0.02933717835
2013,0.02695933571,0.02139529153,0.03774874742,0.0327895603,0.04126120819,0.02781443017,0.02233688191,0.03284618446,0.01962460673,0.02979928104
2014,0.02708804304,0.02150665977,0.03889821059,0.03367875199,0.04224456808,0.02822838427,0.02271723455,0.03163440286,0.01984746732,0.03112620516
2015,0.02773279437,0.02117924697,0.03789078648,0.03240707296,0.04331742017,0.028759623,0.02224012693,0.02888264063,0.02017032406,0.03069176025
2016,0.02836779941,0.02115458048,0.03786389673,0.03106656458,0.04608732161,0.02884741723,0.02224683926,0.02747164109,0.02059497185,0.03133567033
2017,0.02883153473,0.02141674691,0.04073405361,0.03166356159,0.05091784151,0.02986808596,0.02204216425,0.02747234164,0.02077706488,0.0307376468
2018,0.02989555451,0.0210270135,0.0427153981,0.03219196015,0.05438638071,0.03047994485,0.02204068095,0.02776007417,0.02102320196,0.03108281143
2019,0.03142978485,0.02140359884,0.04363781528,0.03218237396,0.05791215597,0.03110452381,0.02196680397,0.02815343077,0.02201430061,0.0314405336
2020,0.03414514176,0.02265136326,0.04521408849,0.0326555705,0.0634593206,0.03088716876,0.02274201474,0.02932775491,0.02357123977,0.03207585201
2021,0.03462447491,0.02215420448,0.04596725801,0.0327382694,0.06310932759,0.03073686254,0.022127829,0.03011328006,0.02381645893,0.0325565329
2022,0.03484327191,0.02175289288,0.04847530126,0.03400532198,0.06690420044,0.03043604611,0.02220574912,0.02981997858,0.02494501536,0.03168025003
2023,0.03423455829,0.02304896142,0.04943523396,0.0344124934,0.06958948349,0.03128664165,0.02175165889,0.0309127635,0.02577284878,0.03223760924
2024,0.03444858189,0.0228764819,0.05125284062,0.03623194577,0.06761183184,0.03131691834,0.02178167291,0.0322203824,0.02692698924,0.03264939544