Year,Bachelors,Masters,Doctorate
1900,27410,1583,382
1910,37199,2113,443
1920,48622,4279,615
1930,122484,14969,2299
1940,186500,26731,3290
1950,432058,58183,6420
1960,392440,74435,9829
1970,792316,213589,59486
1980,929417,305196,95631
1981,935140,302637,98016
1982,952998,302447,97838
1983,969510,296415,99335
1984,974309,291141,100799
1985,979477,293472,100785
1986,987823,295850,100280
1987,991264,296530,98477
1988,994829,305783,99139
1989,1018755,316626,100571
1990,1051344,330152,103508
1991,1094538,342863,105547
1992,1136553,358089,109554
1993,1165178,375032,112072
1994,1169275,393037,112636
1995,1160134,403609,114266
1996,1164792,412180,115507
1997,1172879,425260,118747
1998,1184406,436037,118735
1999,1202239,446038,116700
2000,1237875,463185,118736
2001,1244171,473502,119585
2002,1291900,487313,119663
2003,1348811,518699,121579
2004,1399760,564606,126325
2005,1439848,580562,134271
2006,1485104,599862,138056
2007,1524729,610703,144694
2008,1563734,630844,149190
2009,1601399,662082,154564
2010,1649919,693313,158590
2011,1716053,730922,163827
2012,1792163,755967,170217
2013,1840381,751718,175026
2014,1870150,754582,177587
2015,1894969,758804,178548
2016,1920750,785757,178134
2017,1956114,804542,181357
2018,1980665,820242,183734
2019,2012854,833706,187568
2020,2061059,855580,192026
2021,2089542,880522,196298
2022,2036336,894277,206520
2023,1985762,947728,207764
2024,1974834,948532,215814
2025,2041806,983036,217917