Year,Bachelors,Masters,Doctorate
1995,222915,63842,18823
1996,228091,64065,19233
1997,229783,61628,18892
1998,232427,63054,19127
1999,233456,62697,17642
2000,238967,64402,17486
2001,239945,67158,17273
2002,247458,67351,16615
2003,261580,76330,17454
2004,266007,84194,18420
2005,267450,83732,20007
2006,269415,82083,21937
2007,271630,79512,23799
2008,274404,84583,24529
2009,279865,90504,24802
2010,293976,93905,25217
2011,309584,101817,26237
2012,331848,108751,27290
2013,350030,112079,28524
2014,367670,116700,29916
2015,386103,128936,30043
2016,405807,146197,30186
2017,428665,156254,30562
2018,448882,156870,31364
2019,467963,155087,31894
2020,486518,159715,34890
2021,495677,162903,34089
2022,492978,157292,37731
2023,491507,201386,37948
2024,491817,215741,38349
2025,521226,230479,39933