Year,Education Related - Personal Travel Expenses (Exports) (raw)
1999,8885000000
2000,9695000000
2001,10729000000
2002,11439000000
2003,11815000000
2004,12221000000
2005,12637000000
2006,13047000000
2007,14206000000
2008,15542000000
2009,17006000000
2010,18365000000
2011,20525000000
2012,23062000000
2013,26153000000
2014,30272000000
2015,35284000000
2016,40135000000
2017,44825000000
2018,47263000000
2019,47857000000
2020,38710000000
2021,32918000000
2022,39816000000
2023,49278000000
2024,54845000000
2025,55980000000