Year,Engineering,Math and Computer Science,Physical and Life Sciences,Social Sciences,Non STEM
2001,83396,67825,38396,38940,319310
2002,88258,76736,41417,41241,335344
2003,96574,71926,43549,42415,331859
2004,95225,67693,44607,50464,314520
2005,92970,50747,49499,42263,329560
2006,88663,45518,50168,42235,338182
2007,89179,46019,51863,44983,350940
2008,96189,46313,52867,45535,382901
2009,119338,56367,61699,52631,381581
2010,127444,60800,61311,54853,386515
2011,135616,64588,63471,58345,401257
2012,141313,71364,66007,60974,424837
2013,154239,77560,69152,67786,450907
2014,170189,91434,70479,72390,481560
2015,196750,112950,73838,75951,515437
2016,216932,141651,75385,81304,528567
2017,230711,167180,76838,83046,521047
2018,232710,186003,78700,83708,513671
2019,230780,203461,81580,84320,495158
2020,220542,205207,81971,84440,483336
2021,190590,182106,75029,76419,389951
2022,188194,200301,78712,78770,402542
2023,202801,240230,84830,85998,443329
2024,210163,280922,88717,84307,462581
2025,217016,305377,95667,86008,473698
