Year,China,India,South Korea,Vietnam,Canada,Nepal,Brazil,Mexico,Japan,Saudi Arabia
2000,0.03164,0.04701,0.07201,0.00545,0.05169,0.00725,0.01915,0.02329,0.12322,0.01086
2001,0.03217,0.05321,0.07352,0.00688,0.05006,0.00795,0.01828,0.02729,0.11737,0.01144
2002,0.03527,0.05138,0.08099,0.00716,0.05155,0.00991,0.01662,0.02878,0.11712,0.00876
2003,0.03140,0.05288,0.08883,0.00870,0.05470,0.01179,0.01658,0.03245,0.10914,0.00790
2004,0.03367,0.06672,0.09508,0.00986,0.05563,0.01305,0.01524,0.03327,0.11649,0.00690
2005,0.03889,0.05320,0.11264,0.01272,0.05960,0.01688,0.01497,0.03432,0.10350,0.00706
2006,0.04272,0.05381,0.12074,0.01763,0.05794,0.02219,0.01506,0.03416,0.09516,0.01452
2007,0.06555,0.05435,0.13124,0.02369,0.05429,0.02279,0.01479,0.03429,0.08301,0.02300
2008,0.09485,0.05632,0.13385,0.03338,0.05148,0.02850,0.01517,0.03225,0.06054,0.02730
2009,0.14547,0.05536,0.13203,0.03230,0.04958,0.02627,0.01488,0.02811,0.04760,0.03195
2010,0.19544,0.04804,0.13016,0.03792,0.04512,0.02081,0.01393,0.02800,0.03617,0.03755
2011,0.24089,0.04222,0.12359,0.03635,0.04159,0.01659,0.01363,0.02445,0.03025,0.04637
2012,0.27586,0.03747,0.11204,0.03348,0.03940,0.01224,0.01377,0.02340,0.02684,0.06079
2013,0.29820,0.03420,0.09978,0.03206,0.03754,0.00909,0.01375,0.02242,0.02469,0.07247
2014,0.31230,0.04142,0.08688,0.03121,0.03292,0.00835,0.01724,0.02059,0.02226,0.07738
2015,0.31740,0.04517,0.07651,0.03368,0.03094,0.01028,0.01636,0.02256,0.02173,0.07945
2016,0.32539,0.05006,0.06852,0.03477,0.03005,0.01425,0.01437,0.02140,0.02072,0.07412
2017,0.33562,0.05273,0.06242,0.03825,0.02842,0.01666,0.01662,0.01988,0.02076,0.06244
2018,0.34469,0.05745,0.05825,0.03947,0.02887,0.01730,0.01798,0.01979,0.02084,0.05042
2019,0.35333,0.05970,0.05584,0.03956,0.02959,0.01553,0.01997,0.01906,0.02071,0.04016
2020,0.34914,0.06597,0.04932,0.04248,0.03330,0.01481,0.02021,0.02030,0.02013,0.03262
2021,0.31780,0.07995,0.05301,0.04048,0.03774,0.01311,0.02132,0.02246,0.02034,0.02510
2022,0.28869,0.09193,0.05554,0.04112,0.03755,0.01809,0.02261,0.02087,0.02069,0.02160
2023,0.25534,0.10515,0.05180,0.04039,0.04003,0.02176,0.02395,0.02372,0.01882,0.01918
2024,0.21998,0.11235,0.04661,0.04523,0.04204,0.03539,0.02405,0.02296,0.01771,0.01642